4511     4466      570     1632      571     1632
      576     1631      571     1632      571      542
      570      524      571     1631      571      542
      576      523      571      524      571      541
      571      525      570     1633      569     1642
      570      525      570     1641      575      529
      570      525      570      541      572      533
      570      520      575      528      571     1637
      570     1632      571     1636      571     1632
      571     1632      571     1635      572     1632
      571     1636      570      538      575      528
      570      526      570      542      570      533
      571      520      570      542      571      532
      571      525      577     1634      571      532
      571      529      566     1641      575      528
      571      523      571      542      570      525
      570     1632      571      546      566      533
      570      524      570      542      571      528
      571      524      571     1636      571     1637
      565      542      571      532      571      524
      571      541      571      528      575      520
      571      541      571      532      572      537
      566      524      571     1640      571      524
      571      541      571      523      571     1632
      571     1650      566     5480     4491     4461
      571     1636      571     1631      571     1637
      571     1640      571      533      571      524
      571     1640      571      533      571      524
      570      542      571      532      571      524
      567     1635      572     1631      571      537
      566     1645      571      524      570      542
      571      528      571      524      571      541
      571      524      571     1632      571     1635
      572     1632      570     1637      570     1638
      565     1637      566     1636      571     1641
      570      524      570      533      572      546
      566      532      571      524      567      541
      571      533      570      525      570      533
      571     1641      570      530      566      532
      571     1632      571      550      561      534
      571      524      570      533      566     1646
      575      519      571      542      570      533
      567      528      566      542      571      524
      571     1632      571     1644      572      533
      570      525      566      542      570      533
      571      524      571      541      571      532
      567      524      576      537      570      524
      571     1632      571      542      570      533
      570      525      571     1636      566     1637
      571