  1755405

     4529     4416      568     1617      566     1611
      566     1611      566     1611      571      507
      571      516      562     1611      566      512
      571      507      570      511      567      512
      566      511      567     1611      575     1607
      566      511      566     1612      570      507
      571      512      566      512      566      512
      566      511      571      507      571     1611
      567     1610      567     1611      570     1611
      567     1611      566     1611      571     1611
      566     1612      566      512      566      512
      570      507      571      512      566      511
      567      511      567      511      567      511
      571      511      567     1611      567      511
      566      512      566     1612      570      512
      567      511      567      511      566      512
      572     1609      567      512      566      512
      566      512      566      511      567      511
      571      511      567     1615      562     1611
      571      511      566      512      566      512
      566      512      566      512      571      511
      567      516      562      511      567      511
      567      511      567     1614      567      512
      566      512      566      512      566     1620
      562     1610      566     5460     4567     4409
      567     1619      562     1611      567     1610
      571     1610      567      512      566      511
      567     1611      570      512      566      512
      566      512      566      511      567      515
      567     1611      566     1611      566      516
      566     1610      567      512      566      512
      566      516      566      512      566      511
      567      511      567     1614      567     1611
      566     1611      566     1627      555     1611
      566     1611      570     1611      566     1611
      567      511      567      520      561      512
      566      512      566      512      566      516
      566      511      567      512      566      511
      567     1620      561      512      566      512
      544     1611      567      511      567      511
      567      516      566      512      566     1616
      561      512      566      516      562      516
      566      512      566      512      566      512
      566     1610      577     1606      566      512
      566      512      566      516      562      516
      566      512      566      512      566      512
      566      521      557      516      566      512
      566     1611      567      510      568      516
      561      516      567     1616      561     1611
      566